Mww: 5.22
Gap: 100.0
#channel: 38
C#: 20
RMS: 0.32359935
plane1: 144.5/40.5/-61.3
plane2: 288.8/55.2/-112.3

Location: 23.6500 121.3100 7.5000
Ts: 2.2465

xy_sol:
Mww_xy: 5.23
Gap_xy: 100.0
#channel: 38
C#_xy: 21
RMS_xy: 0.31190935
plane1_xy: 140.5/38.9/-68.8
plane2_xy: 293.9/54.2/-106.3
moment (dyn-cm x 1e24): -7.3134e-01 5.1458e-01 2.1676e-01 3.1255e-01 6.7061e-02 -4.7535e-01
moment_xy (dyn-cm x 1e24): -7.5951e-01 5.1889e-01 2.4062e-01 2.8446e-01 3.0117e-03 -4.7421e-01
